
 VEGAS:
 ======
 ABSERR    =     0.00000    
 POINTS    =      10000          ITERATIONS   =     5

 GLUON FUSION: GG --> HIGGS
 ==========================

 P P COLLIDER
 ============
 ENERGY        =     13.0000     TEV

   LO-LAMBDA_5 =    0.254973     GEV    LO-ALPHA_S (M_Z) =    0.118000    
  NLO-LAMBDA_5 =    0.255099     GEV   NLO-ALPHA_S (M_Z) =    0.118000    
 NNLO-LAMBDA_5 =    0.197689     GEV  NNLO-ALPHA_S (M_Z) =    0.118000    

 T-MASS        =     172.500     GEV     B-MASS    =     4.84131     GEV
 C-MASS        =     1.43131     GEV

 HIGGS  = H
 ============================================================
 M_H       =     4.00000      GEV
 REN-SCALE =     4.00000      GEV   FAC-SCALE =     4.00000      GEV
 G^H_B     =    0.500000      G^H_T     =     2.00000    
 G^H_C     =     2.00000      C^H_G     =     0.00000    
 G^H_CTG   =    0.494066-323
 SIG0      =     11116.7     +-    0.613232E-02  PB
 SIG1_VIRT =     15238.3     +-    0.840587E-02  PB
 SIG1_GG   =     15815.9     +-     105.595      PB
 SIG1_GQ   =    -786.045     +-     16.4124      PB
 SIG1_QQB  =     9.17938     +-    0.169288E-01  PB
 SIG2_VIRT =    -901.899     +-    0.152372E-02  PB
 SIG2_GG   =     3749.58     +-     8.21209      PB
 SIG2_GQ   =     1202.74     +-     2.50037      PB
 SIG2_QQB  =     23.3320     +-    0.216535E-01  PB
 SIG2_QQP  =     108.776     +-    0.780152E-01  PB
 SIG2_QQ   =     31.1970     +-    0.471603E-01  PB
 SIG_LO    =     11116.7     +-    0.613232E-02  PB
 SIG_NLO   =     41394.1     +-     106.862      PB
 SIG_NNLO  =     45607.8     +-     107.207      PB
 SIG_TOT   =     45607.8     +-     107.207      PB

