
 VEGAS:
 ======
 ABSERR    =     0.00000    
 POINTS    =      10000          ITERATIONS   =     5

 GLUON FUSION: GG --> HIGGS
 ==========================

 P P COLLIDER
 ============
 ENERGY        =     13.0000     TEV

   LO-LAMBDA_5 =    0.254973     GEV    LO-ALPHA_S (M_Z) =    0.118000    
  NLO-LAMBDA_5 =    0.255099     GEV   NLO-ALPHA_S (M_Z) =    0.118000    
 NNLO-LAMBDA_5 =    0.197689     GEV  NNLO-ALPHA_S (M_Z) =    0.118000    

 T-MASS        =     172.500     GEV     B-MASS    =     4.84131     GEV
 C-MASS        =     1.43131     GEV

 HIGGS  = H
 ============================================================
 M_H       =     20.0000      GEV
 REN-SCALE =     10.0000      GEV   FAC-SCALE =     10.0000      GEV
 G^H_B     =     1.00000      G^H_T     =     1.00000    
 G^H_C     =     1.00000      C^H_G     =     0.00000    
 G^H_CTG   =    0.494066-323
 SIG0      =     592.989     +-    0.549772E-03  PB
 SIG1_VIRT =     309.319     +-    0.286777E-03  PB
 SIG1_GG   =     898.767     +-     1.15212      PB
 SIG1_GQ   =     92.8301     +-    0.279306      PB
 SIG1_QQB  =    0.418556     +-    0.561042E-03  PB
 SIG2_VIRT =     21.6293     +-    0.128455E-03  PB
 SIG2_GG   =     144.898     +-    0.337490      PB
 SIG2_GQ   =     59.6472     +-    0.108590      PB
 SIG2_QQB  =    0.685089     +-    0.632585E-03  PB
 SIG2_QQP  =     4.14080     +-    0.168435E-02  PB
 SIG2_QQ   =     1.12511     +-    0.660426E-03  PB
 FAC_ELW   =     1.06133    
 SIG_LO    =     592.989     +-    0.549772E-03  PB
 SIG_NLO   =     1894.32     +-     1.18550      PB
 SIG_NNLO  =     2126.45     +-     1.23737      PB
 SIG_TOT   =     2256.87     +-     1.31327      PB

