
 VEGAS:
 ======
 ABSERR    =     0.00000    
 POINTS    =      10000          ITERATIONS   =     5

 GLUON FUSION: GG --> HIGGS
 ==========================

 P P COLLIDER
 ============
 ENERGY        =     13.0000     TEV

   LO-LAMBDA_5 =    0.254973     GEV    LO-ALPHA_S (M_Z) =    0.118000    
  NLO-LAMBDA_5 =    0.255099     GEV   NLO-ALPHA_S (M_Z) =    0.118000    
 NNLO-LAMBDA_5 =    0.197689     GEV  NNLO-ALPHA_S (M_Z) =    0.118000    

 T-MASS        =     172.500     GEV     B-MASS    =     4.84131     GEV
 C-MASS        =     1.43131     GEV

 HIGGS  = H
 ============================================================
 M_H       =     8.00000      GEV
 REN-SCALE =     8.00000      GEV   FAC-SCALE =     8.00000      GEV
 G^H_B     =    0.500000      G^H_T     =     2.00000    
 G^H_C     =     2.00000      C^H_G     =     0.00000    
 G^H_CTG   =    0.494066-323
 SIG0      =     3557.88     +-    0.304508E-02  PB
 SIG1_VIRT =     3300.53     +-    0.282482E-02  PB
 SIG1_GG   =     5928.01     +-     12.7949      PB
 SIG1_GQ   =     291.836     +-     2.31453      PB
 SIG1_QQB  =     3.81530     +-    0.593410E-02  PB
 SIG2_VIRT =    -254.817     +-    0.154369E-02  PB
 SIG2_GG   =     2161.45     +-     3.82713      PB
 SIG2_GQ   =     290.971     +-    0.949230      PB
 SIG2_QQB  =     6.94658     +-    0.694382E-02  PB
 SIG2_QQP  =     32.5518     +-    0.157457E-01  PB
 SIG2_QQ   =     8.22903     +-    0.789477E-02  PB
 SIG_LO    =     3557.88     +-    0.304508E-02  PB
 SIG_NLO   =     13082.1     +-     13.0025      PB
 SIG_NNLO  =     15327.4     +-     13.5873      PB
 SIG_TOT   =     15327.4     +-     13.5873      PB

 R_LO =               (1.4365562337542337,0.88766406909596451)