
 VEGAS:
 ======
 ABSERR    =     0.00000    
 POINTS    =      10000          ITERATIONS   =     5

 GLUON FUSION: GG --> HIGGS
 ==========================

 P P COLLIDER
 ============
 ENERGY        =     13.0000     TEV

   LO-LAMBDA_5 =    0.254973     GEV    LO-ALPHA_S (M_Z) =    0.118000    
  NLO-LAMBDA_5 =    0.255099     GEV   NLO-ALPHA_S (M_Z) =    0.118000    
 NNLO-LAMBDA_5 =    0.197689     GEV  NNLO-ALPHA_S (M_Z) =    0.118000    

 T-MASS        =     172.500     GEV     B-MASS    =     4.84131     GEV
 C-MASS        =     1.43131     GEV

 HIGGS  = H
 ============================================================
 M_H       =     4.20000      GEV
 REN-SCALE =     4.20000      GEV   FAC-SCALE =     4.20000      GEV
 G^H_B     =    0.500000      G^H_T     =     2.00000    
 G^H_C     =     2.00000      C^H_G     =     0.00000    
 G^H_CTG   =    0.494066-323
 SIG0      =     10582.5     +-    0.639010E-02  PB
 SIG1_VIRT =     13855.3     +-    0.836628E-02  PB
 SIG1_GG   =     14951.7     +-     92.0420      PB
 SIG1_GQ   =    -662.345     +-     14.1920      PB
 SIG1_QQB  =     8.59791     +-    0.152371E-01  PB
 SIG2_VIRT =    -834.887     +-    0.161266E-02  PB
 SIG2_GG   =     3637.66     +-     7.78909      PB
 SIG2_GQ   =     1096.33     +-     2.29973      PB
 SIG2_QQB  =     21.2734     +-    0.197770E-01  PB
 SIG2_QQP  =     99.0024     +-    0.664852E-01  PB
 SIG2_QQ   =     28.2203     +-    0.411257E-01  PB
 SIG_LO    =     10582.5     +-    0.639010E-02  PB
 SIG_NLO   =     38735.8     +-     93.1297      PB
 SIG_NNLO  =     42783.4     +-     93.4832      PB
 SIG_TOT   =     42783.4     +-     93.4832      PB

