
 VEGAS:
 ======
 ABSERR    =     0.00000    
 POINTS    =      10000          ITERATIONS   =     5

 GLUON FUSION: GG --> HIGGS
 ==========================

 P P COLLIDER
 ============
 ENERGY        =     13.0000     TEV

   LO-LAMBDA_5 =    0.254973     GEV    LO-ALPHA_S (M_Z) =    0.118000    
  NLO-LAMBDA_5 =    0.255099     GEV   NLO-ALPHA_S (M_Z) =    0.118000    
 NNLO-LAMBDA_5 =    0.197689     GEV  NNLO-ALPHA_S (M_Z) =    0.118000    

 T-MASS        =     172.500     GEV     B-MASS    =     4.84131     GEV
 C-MASS        =     1.43131     GEV

 HIGGS  = H
 ============================================================
 M_H       =     1.00000      GEV
 REN-SCALE =    0.500000      GEV   FAC-SCALE =    0.500000      GEV
 G^H_B     =    0.500000      G^H_T     =     2.00000    
 G^H_C     =     2.00000      C^H_G     =     0.00000    
 G^H_CTG   =    0.494066-323
 SIG0      =     4810.61     +-    0.187340E-01  PB
 SIG1_VIRT =    0.544041E+07 +-     21.1867      PB
 SIG1_GG   =    0.109052E+08 +-     79611.1      PB
 SIG1_GQ   =     489836.     +-     15646.4      PB
 SIG1_QQB  =     11764.2     +-     32.4155      PB
 SIG2_VIRT =    -759264.     +-     4.98548      PB
 SIG2_GG   =    -351128.     +-     31620.8      PB
 SIG2_GQ   =    0.202066E+07 +-     27417.8      PB
 SIG2_QQB  =     135988.     +-     291.443      PB
 SIG2_QQP  =     565626.     +-     1631.59      PB
 SIG2_QQ   =     255003.     +-     1133.22      PB
 SIG_LO    =     4810.61     +-    0.187340E-01  PB
 SIG_NLO   =    0.168520E+08 +-     81134.0      PB
 SIG_NNLO  =    0.187189E+08 +-     91314.7      PB
 SIG_TOT   =    0.187189E+08 +-     91314.7      PB

R_LO =          (2.2806161758643961,1.09557981870706500E-008)