
 VEGAS:
 ======
 ABSERR    =     0.00000    
 POINTS    =      10000          ITERATIONS   =     5

 GLUON FUSION: GG --> HIGGS
 ==========================

 P P COLLIDER
 ============
 ENERGY        =     13.0000     TEV

   LO-LAMBDA_5 =    0.254973     GEV    LO-ALPHA_S (M_Z) =    0.118000    
  NLO-LAMBDA_5 =    0.255099     GEV   NLO-ALPHA_S (M_Z) =    0.118000    
 NNLO-LAMBDA_5 =    0.197689     GEV  NNLO-ALPHA_S (M_Z) =    0.118000    

 T-MASS        =     172.500     GEV     B-MASS    =     4.84131     GEV
 C-MASS        =     1.43131     GEV

 HIGGS  = H
 ============================================================
 M_H       =     8.00000      GEV
 REN-SCALE =     4.00000      GEV   FAC-SCALE =     4.00000      GEV
 G^H_B     =    0.500000      G^H_T     =     2.00000    
 G^H_C     =     2.00000      C^H_G     =     0.00000    
 G^H_CTG   =    0.494066-323
 SIG0      =     2299.21     +-    0.162458E-02  PB
 SIG1_VIRT =     1840.79     +-    0.130067E-02  PB
 SIG1_GG   =     7550.75     +-     15.2434      PB
 SIG1_GQ   =     1162.56     +-     3.73822      PB
 SIG1_QQB  =     4.85234     +-    0.782978E-02  PB
 SIG2_VIRT =    -111.105     +-    0.744621E-03  PB
 SIG2_GG   =     2146.91     +-     4.70747      PB
 SIG2_GQ   =     1256.82     +-     1.56625      PB
 SIG2_QQB  =     17.2146     +-    0.123122E-01  PB
 SIG2_QQP  =     93.2492     +-    0.460847E-01  PB
 SIG2_QQ   =     28.0569     +-    0.307081E-01  PB
 SIG_LO    =     2299.21     +-    0.162458E-02  PB
 SIG_NLO   =     12858.2     +-     15.6951      PB
 SIG_NNLO  =     16289.3     +-     16.4607      PB
 SIG_TOT   =     16289.3     +-     16.4607      PB

