
 VEGAS:
 ======
 ABSERR    =     0.00000    
 POINTS    =      10000          ITERATIONS   =     5

 GLUON FUSION: GG --> HIGGS
 ==========================

 P P COLLIDER
 ============
 ENERGY        =     13.0000     TEV

   LO-LAMBDA_5 =    0.254973     GEV    LO-ALPHA_S (M_Z) =    0.118000    
  NLO-LAMBDA_5 =    0.255099     GEV   NLO-ALPHA_S (M_Z) =    0.118000    
 NNLO-LAMBDA_5 =    0.197689     GEV  NNLO-ALPHA_S (M_Z) =    0.118000    

 T-MASS        =     172.500     GEV     B-MASS    =     4.84131     GEV
 C-MASS        =     1.43131     GEV

 HIGGS  = H
 ============================================================
 M_H       =     2.00000      GEV
 REN-SCALE =     1.00000      GEV   FAC-SCALE =     1.00000      GEV
 G^H_B     =    0.500000      G^H_T     =     2.00000    
 G^H_C     =     2.00000      C^H_G     =     0.00000    
 G^H_CTG   =    0.494066-323
 SIG0      =     3593.71     +-    0.102492E-01  PB
 SIG1_VIRT =     17261.0     +-    0.492280E-01  PB
 SIG1_GG   =     28257.1     +-     328.902      PB
 SIG1_GQ   =     5216.93     +-     154.496      PB
 SIG1_QQB  =     80.4900     +-    0.181258      PB
 SIG2_VIRT =    -2036.00     +-    0.104898E-01  PB
 SIG2_GG   =     4373.27     +-     50.6476      PB
 SIG2_GQ   =     9920.28     +-     23.1677      PB
 SIG2_QQB  =     495.658     +-    0.657864      PB
 SIG2_QQP  =     2103.42     +-     2.66813      PB
 SIG2_QQ   =     952.656     +-     4.13620      PB
 SIG_LO    =     3593.71     +-    0.102492E-01  PB
 SIG_NLO   =     54409.2     +-     363.380      PB
 SIG_NNLO  =     70218.5     +-     367.657      PB
 SIG_TOT   =     70218.5     +-     367.657      PB

 R_LO =          (2.3973845246692687,1.54515023191945087E-009)