
 VEGAS:
 ======
 ABSERR    =     0.00000    
 POINTS    =      10000          ITERATIONS   =     5

 GLUON FUSION: GG --> HIGGS
 ==========================

 P P COLLIDER
 ============
 ENERGY        =     13.0000     TEV

   LO-LAMBDA_5 =    0.254973     GEV    LO-ALPHA_S (M_Z) =    0.118000    
  NLO-LAMBDA_5 =    0.255099     GEV   NLO-ALPHA_S (M_Z) =    0.118000    
 NNLO-LAMBDA_5 =    0.197689     GEV  NNLO-ALPHA_S (M_Z) =    0.118000    

 T-MASS        =     172.500     GEV     B-MASS    =     4.84131     GEV
 C-MASS        =     1.43131     GEV

 HIGGS  = H
 ============================================================
 M_H       =     20.0000      GEV
 REN-SCALE =     10.0000      GEV   FAC-SCALE =     10.0000      GEV
 G^H_B     =     0.00000      G^H_T     =     2.00000    
 G^H_C     =     0.00000      C^H_G     =     0.00000    
 G^H_CTG   =    0.494066-323
 SIG0      =     600.236     +-    0.556491E-03  PB
 SIG1_VIRT =     400.021     +-    0.370868E-03  PB
 SIG1_GG   =     1127.95     +-    0.891456      PB
 SIG1_GQ   =     175.255     +-    0.261537      PB
 SIG1_QQB  =     1.92136     +-    0.260674E-02  PB
 SIG2_VIRT =     86.5171     +-    0.513820E-03  PB
 SIG2_GG   =     579.593     +-     1.34996      PB
 SIG2_GQ   =     238.589     +-    0.434362      PB
 SIG2_QQB  =     2.74036     +-    0.253034E-02  PB
 SIG2_QQP  =     16.5632     +-    0.673739E-02  PB
 SIG2_QQ   =     4.50042     +-    0.264170E-02  PB
 SIG_LO    =     600.236     +-    0.556491E-03  PB
 SIG_NLO   =     2305.38     +-    0.929033      PB
 SIG_NNLO  =     3233.89     +-     1.69535      PB
 SIG_TOT   =     3233.89     +-     1.69535      PB

