
 VEGAS:
 ======
 ABSERR    =     0.00000    
 POINTS    =      10000          ITERATIONS   =     5

 GLUON FUSION: GG --> HIGGS
 ==========================

 P P COLLIDER
 ============
 ENERGY        =     13.0000     TEV

   LO-LAMBDA_5 =    0.254973     GEV    LO-ALPHA_S (M_Z) =    0.118000    
  NLO-LAMBDA_5 =    0.255099     GEV   NLO-ALPHA_S (M_Z) =    0.118000    
 NNLO-LAMBDA_5 =    0.197689     GEV  NNLO-ALPHA_S (M_Z) =    0.118000    

 T-MASS        =     172.500     GEV     B-MASS    =     4.84131     GEV
 C-MASS        =     1.43131     GEV

 HIGGS  = H
 ============================================================
 M_H       =     6.00000      GEV
 REN-SCALE =     6.00000      GEV   FAC-SCALE =     6.00000      GEV
 G^H_B     =    0.500000      G^H_T     =     2.00000    
 G^H_C     =     2.00000      C^H_G     =     0.00000    
 G^H_CTG   =    0.494066-323
 SIG0      =     6007.09     +-    0.473644E-02  PB
 SIG1_VIRT =     6135.71     +-    0.483785E-02  PB
 SIG1_GG   =     9195.88     +-     25.6441      PB
 SIG1_GQ   =     112.819     +-     6.23464      PB
 SIG1_QQB  =     5.52700     +-    0.886859E-02  PB
 SIG2_VIRT =    -445.811     +-    0.171648E-02  PB
 SIG2_GG   =     2807.12     +-     5.35013      PB
 SIG2_GQ   =     547.922     +-     1.51594      PB
 SIG2_QQB  =     11.3548     +-    0.107327E-01  PB
 SIG2_QQP  =     53.6268     +-    0.290688E-01  PB
 SIG2_QQ   =     14.1730     +-    0.163975E-01  PB
 SIG_LO    =     6007.09     +-    0.473644E-02  PB
 SIG_NLO   =     21457.0     +-     26.3911      PB
 SIG_NNLO  =     24445.4     +-     26.9706      PB
 SIG_TOT   =     24445.4     +-     26.9706      PB

R_LO =                (1.7735777084524851,1.1356111291284081)