
 VEGAS:
 ======
 ABSERR    =     0.00000    
 POINTS    =      10000          ITERATIONS   =     5

 GLUON FUSION: GG --> HIGGS
 ==========================

 P P COLLIDER
 ============
 ENERGY        =     13.0000     TEV

   LO-LAMBDA_5 =    0.254973     GEV    LO-ALPHA_S (M_Z) =    0.118000    
  NLO-LAMBDA_5 =    0.255099     GEV   NLO-ALPHA_S (M_Z) =    0.118000    
 NNLO-LAMBDA_5 =    0.197689     GEV  NNLO-ALPHA_S (M_Z) =    0.118000    

 T-MASS        =     172.500     GEV     B-MASS    =     4.84131     GEV
 C-MASS        =     1.43131     GEV

 HIGGS  = H
 ============================================================
 M_H       =     20.0000      GEV
 REN-SCALE =     20.0000      GEV   FAC-SCALE =     20.0000      GEV
 G^H_B     =    0.500000      G^H_T     =     2.00000    
 G^H_C     =     2.00000      C^H_G     =     0.00000    
 G^H_CTG   =    0.494066-323
 SIG0      =     902.069     +-    0.873656E-03  PB
 SIG1_VIRT =     670.443     +-    0.649326E-03  PB
 SIG1_GG   =     1231.88     +-     1.69232      PB
 SIG1_GQ   =     83.0714     +-    0.313417      PB
 SIG1_QQB  =     1.39910     +-    0.189772E-02  PB
 SIG2_VIRT =    -4.41583     +-    0.725245E-03  PB
 SIG2_GG   =     770.113     +-     1.13964      PB
 SIG2_GQ   =     10.9199     +-    0.247418      PB
 SIG2_QQB  =     1.44038     +-    0.182964E-02  PB
 SIG2_QQP  =     5.79908     +-    0.224630E-02  PB
 SIG2_QQ   =     1.41390     +-    0.794831E-03  PB
 SIG_LO    =     902.069     +-    0.873656E-03  PB
 SIG_NLO   =     2888.87     +-     1.72110      PB
 SIG_NNLO  =     3674.14     +-     2.07899      PB
 SIG_TOT   =     3674.14     +-     2.07899      PB

 R_LO =               (1.0278325584274317,0.53513357773963111)